-------------------------- Event (first Event) -------------------
 Header: 
13255 1 0 0 333 0 359 0 -1 0 5 258 772 258 -29840 -18568 
Event: 
36(10) words of data
24 ffff ffff 10 0 10 0 20 
0 21 0 22 0 23 0 24 
0 25 0 26 0 27 0 28 
0 29 0 2a 0 2b 0 2c 
0 2d 0 2e 
-------------------------- Event (first Event) -------------------
 Header: 
13264 1 0 0 334 0 358 0 -1 0 5 258 772 258 -29840 -18568 
Event: 
36(10) words of data
24 ffff ffff 10 0 10 0 20 
0 21 0 22 0 23 0 24 
0 25 0 26 0 27 0 28 
0 29 0 2a 0 2b 0 2c 
0 2d 0 2e 
